15
153
1997
1967
3
2037
1947
1933
105
1975
2043
1925
37
1869
2021
71
23
1987
2029
39
1993
63
21
1991
2015
85
2007
5
1927
173
1953
61
1845
1945
145
1929
349
1949
1891
111
2001
1973
29
51
2011
147
1873
101
2003
57
1859
2017
59
9
2005
1885
1793
87
65
131
1963
1943
1995
1961
11
55
95
165
1981
1811
221
1805
1839
117
207
149
2025
159
127
1893
1911
1849
1803
177
201
1819
1745
195
1855
249
49
1921
1733
89
197
83
1877
1879
1823
215
1731
217
191
1843
269
211
1983
123
347
179
1863
1831
181
1699
251
1857
163
137
1711
1937
1729
255
1889
161
27
1887
309
1787
265
1783
331
1751
1777
169
377
1779
303
209
1707
223
1735
1895
1913
239
1907
259
295
351
297
1639
2019
373
1763
157
171
1743
1689
263
1677
1817
335
273
1747
1663
1667
1693
1665
317
409
389
291
1703
1591
225
243
257
391
1725
453
429
1565
1655
1581
1695
1641
1633
1607
1691
1647
1795
475
1597
1749
411
1573
203
323
419
1603
1781
271
325
1721
1621
575
337
1759
501
507
283
1517
1637
431
1549
1473
1685
1585
1547
1477
469
493
423
1595
401
1513
533
1557
1521
321
437
649
1429
247
417
615
523
467
513
1523
1623
1491
677
399
487
531
407
629
1443
473
1617
1381
563
427
529
1459
1511
1527
1509
1571
1609
471
1567
1551
607
1535
741
1391
565
709
1631
1423
1483
1533
1529
577
635
1453
1569
481
1415
527
1427
561
1383
1461
405
537
1553
645
555
603
557
515
1319
1301
659
1563
633
1373
343
1659
1277
589
631
581
663
613
639
545
1371
1613
1543
605
1309
511
567
573
681
773
671
571
1505
1431
593
625
661
1299
801
643
803
1375
1439
1251
1419
1323
1403
601
1463
1263
685
1365
1499
813
1455
1435
805
1219
669
1397
1233
647
1199
841
1425
1229
1295
691
1321
1389
1467
1137
1351
1239
1413
1221
595
739
731
1479
1307
1355
1349
1305
1215
1285
743
961
1211
779
765
559
717
795
1223
1287
1159
699
695
727
1243
1235
859
1335
845
735
675
1275
1255
719
1325
1153
967
807
793
1019
1273
1073
855
863
787
1177
627
1217
1329
811
829
893
1115
1093
891
759
687
775
839
1131
1311
943
1101
869
945
1067
1281
905
1025
865
753
1041
873
955
1125
857
927
1317
737
789
1149
935
771
1119
1237
1059
1043
1089
1175
1269
1033
871
1135
1065
1057
1189
1185
973
1257
867
1015
875
1127
1103
989
1133
1037
915
1045
847
1201
1167
979
1087
1023
1083
1171
991
1039
931
1121
1213
1049
1063
1035
923
1179
919
1051
953
1081
1077
1027
911
933
1107
995
1029
1267
975
831
937
1071
949
997
917
977
993
969
1209
987
1095
1129
1017
939
1047
1053
947
825
1085
1001
1113
1117
941
749
1031
1105
1123
1021
1091
1099
899
1009
1155
921
889
1061
1013
885
1007
1109
1195
903
821
1075
981
1313
1253
1079
1111
1011
769
985
909
1205
1147
879
999
1055
965
849
983
1005
1331
883
835
959
819
827
1161
887
799
957
1169
1227
1003
1231
1139
823
1193
1157
1141
951
971
1173
1097
861
785
729
851
1259
1069
1289
797
1165
1261
877
901
1151
1327
1345
1265
1143
907
843
1247
815
963
1181
1225
1207
897
1187
721
1145
733
881
791
1343
723
895
925
777
783
1283
833
853
1363
713
1191
763
1163
929
1183
1197
585
619
1303
609
1447
767
1203
817
757
913
809
1249
1379
651
751
689
1271
715
703
1341
781
1315
1245
1493
621
1339
761
1369
1377
1357
1297
697
597
1489
653
655
599
1279
725
1293
837
1359
667
463
611
1485
665
1457
1469
641
1401
583
551
693
1409
747
1433
1241
1445
1449
1353
1387
1347
705
657
701
465
1497
569
1333
707
1291
1395
1405
1399
1411
1421
1541
623
679
711
745
1361
541
1393
1507
1475
673
539
397
489
755
491
1559
617
485
1367
1525
1605
1407
1561
1645
553
1599
1437
519
1417
683
1587
637
1615
1337
547
483
1555
517
355
1451
455
319
505
395
415
1465
499
1515
381
509
1673
1385
421
1537
587
457
1501
535
413
1629
1675
1649
461
1577
1487
1481
591
1495
357
1471
451
379
183
1671
521
1697
1539
1611
383
549
1575
1545
543
1503
367
1867
1727
497
1519
579
361
1593
1619
387
1441
393
365
447
293
363
311
525
503
369
441
425
1635
1775
443
1767
281
1627
1723
1579
371
1719
353
1681
403
279
1643
459
445
1801
1789
235
285
449
1657
1625
1583
439
307
477
1769
1753
1653
1669
339
1683
1809
1797
1701
435
1815
433
333
1601
1709
287
1531
1589
1853
1687
1851
359
1739
479
1651
193
1807
301
1757
329
1679
1833
375
231
213
495
1705
1799
277
385
345
1715
313
1871
1661
1771
1917
79
327
1835
1919
305
1813
241
1713
1909
289
253
1861
1755
1837
141
1741
155
1847
1737
267
109
2045
1915
1765
341
1903
93
1717
139
91
185
99
1761
1841
315
1901
229
43
1785
121
167
299
129
275
1905
107
261
115
1881
151
1951
199
1825
1821
1791
1977
97
47
219
17
227
1829
1865
2009
45
2027
77
41
1959
233
245
205
1965
1773
125
1899
2023
1883
175
1955
2033
135
143
19
1939
113
1971
13
189
75
103
1875
69
133
2013
2039
31
237
25
1931
73
2041
53
1941
1985
7
1969
1935
33
0
81
2047
2031
119
1827
67
1897
187
1
1989
1979
1999
35
2035
1923
